{
 "cells": [
  {
   "cell_type": "code",
   "execution_count": 1,
   "metadata": {},
   "outputs": [],
   "source": [
    "#import/install needed modules/packages\n",
    "!pip install seaborn -q\n",
    "!pip install colorama -q\n",
    "import pandas as pd\n",
    "import numpy as np\n",
    "import matplotlib.pyplot as plt\n",
    "%matplotlib inline\n",
    "import seaborn as sns\n",
    "from colorama import Fore\n",
    "#from IPython.display import Markdown as md\n",
    "\n",
    "#statistical analysis\n",
    "from sklearn.model_selection import train_test_split\n",
    "from sklearn.linear_model import LinearRegression\n",
    "from sklearn.metrics import r2_score, mean_squared_error, accuracy_score, silhouette_score"
   ]
  },
  {
   "cell_type": "markdown",
   "metadata": {},
   "source": [
    "### Question 1: Import Data and EDA"
   ]
  },
  {
   "cell_type": "code",
   "execution_count": 2,
   "metadata": {},
   "outputs": [
    {
     "data": {
      "text/html": [
       "<div>\n",
       "<style scoped>\n",
       "    .dataframe tbody tr th:only-of-type {\n",
       "        vertical-align: middle;\n",
       "    }\n",
       "\n",
       "    .dataframe tbody tr th {\n",
       "        vertical-align: top;\n",
       "    }\n",
       "\n",
       "    .dataframe thead th {\n",
       "        text-align: right;\n",
       "    }\n",
       "</style>\n",
       "<table border=\"1\" class=\"dataframe\">\n",
       "  <thead>\n",
       "    <tr style=\"text-align: right;\">\n",
       "      <th></th>\n",
       "      <th>CRIM</th>\n",
       "      <th>ZN</th>\n",
       "      <th>INDUS</th>\n",
       "      <th>RIVER</th>\n",
       "      <th>NOX</th>\n",
       "      <th>RM</th>\n",
       "      <th>AGE</th>\n",
       "      <th>DIS</th>\n",
       "      <th>RAD</th>\n",
       "      <th>TAX</th>\n",
       "      <th>PRATIO</th>\n",
       "      <th>LSTAT</th>\n",
       "      <th>MEDV</th>\n",
       "    </tr>\n",
       "  </thead>\n",
       "  <tbody>\n",
       "    <tr>\n",
       "      <th>0</th>\n",
       "      <td>3.32105</td>\n",
       "      <td>0.0</td>\n",
       "      <td>19.58</td>\n",
       "      <td>Yes</td>\n",
       "      <td>0.871</td>\n",
       "      <td>5.403</td>\n",
       "      <td>100.0</td>\n",
       "      <td>1.3216</td>\n",
       "      <td>5</td>\n",
       "      <td>403</td>\n",
       "      <td>14.7</td>\n",
       "      <td>26.82</td>\n",
       "      <td>13.4</td>\n",
       "    </tr>\n",
       "    <tr>\n",
       "      <th>1</th>\n",
       "      <td>1.12658</td>\n",
       "      <td>0.0</td>\n",
       "      <td>19.58</td>\n",
       "      <td>Yes</td>\n",
       "      <td>0.871</td>\n",
       "      <td>5.012</td>\n",
       "      <td>88.0</td>\n",
       "      <td>1.6102</td>\n",
       "      <td>5</td>\n",
       "      <td>403</td>\n",
       "      <td>14.7</td>\n",
       "      <td>12.12</td>\n",
       "      <td>15.3</td>\n",
       "    </tr>\n",
       "    <tr>\n",
       "      <th>2</th>\n",
       "      <td>1.41385</td>\n",
       "      <td>0.0</td>\n",
       "      <td>19.58</td>\n",
       "      <td>Yes</td>\n",
       "      <td>0.871</td>\n",
       "      <td>6.129</td>\n",
       "      <td>96.0</td>\n",
       "      <td>1.7494</td>\n",
       "      <td>5</td>\n",
       "      <td>403</td>\n",
       "      <td>14.7</td>\n",
       "      <td>15.12</td>\n",
       "      <td>17.0</td>\n",
       "    </tr>\n",
       "    <tr>\n",
       "      <th>3</th>\n",
       "      <td>3.53501</td>\n",
       "      <td>0.0</td>\n",
       "      <td>19.58</td>\n",
       "      <td>Yes</td>\n",
       "      <td>0.871</td>\n",
       "      <td>6.152</td>\n",
       "      <td>82.6</td>\n",
       "      <td>1.7455</td>\n",
       "      <td>5</td>\n",
       "      <td>403</td>\n",
       "      <td>14.7</td>\n",
       "      <td>15.02</td>\n",
       "      <td>15.6</td>\n",
       "    </tr>\n",
       "    <tr>\n",
       "      <th>4</th>\n",
       "      <td>1.27346</td>\n",
       "      <td>0.0</td>\n",
       "      <td>19.58</td>\n",
       "      <td>Yes</td>\n",
       "      <td>0.605</td>\n",
       "      <td>6.250</td>\n",
       "      <td>92.6</td>\n",
       "      <td>1.7984</td>\n",
       "      <td>5</td>\n",
       "      <td>403</td>\n",
       "      <td>14.7</td>\n",
       "      <td>5.50</td>\n",
       "      <td>27.0</td>\n",
       "    </tr>\n",
       "  </tbody>\n",
       "</table>\n",
       "</div>"
      ],
      "text/plain": [
       "      CRIM   ZN  INDUS RIVER    NOX     RM    AGE     DIS  RAD  TAX  PRATIO  \\\n",
       "0  3.32105  0.0  19.58   Yes  0.871  5.403  100.0  1.3216    5  403    14.7   \n",
       "1  1.12658  0.0  19.58   Yes  0.871  5.012   88.0  1.6102    5  403    14.7   \n",
       "2  1.41385  0.0  19.58   Yes  0.871  6.129   96.0  1.7494    5  403    14.7   \n",
       "3  3.53501  0.0  19.58   Yes  0.871  6.152   82.6  1.7455    5  403    14.7   \n",
       "4  1.27346  0.0  19.58   Yes  0.605  6.250   92.6  1.7984    5  403    14.7   \n",
       "\n",
       "   LSTAT  MEDV  \n",
       "0  26.82  13.4  \n",
       "1  12.12  15.3  \n",
       "2  15.12  17.0  \n",
       "3  15.02  15.6  \n",
       "4   5.50  27.0  "
      ]
     },
     "execution_count": 2,
     "metadata": {},
     "output_type": "execute_result"
    }
   ],
   "source": [
    "#import data from file\n",
    "datHousing = pd.read_csv('Housing.csv')\n",
    "datHousing.head()"
   ]
  },
  {
   "cell_type": "markdown",
   "metadata": {},
   "source": [
    "### Relationship Between MEDV and Numerical Features"
   ]
  },
  {
   "cell_type": "code",
   "execution_count": 3,
   "metadata": {},
   "outputs": [
    {
     "data": {
      "text/html": [
       "<div>\n",
       "<style scoped>\n",
       "    .dataframe tbody tr th:only-of-type {\n",
       "        vertical-align: middle;\n",
       "    }\n",
       "\n",
       "    .dataframe tbody tr th {\n",
       "        vertical-align: top;\n",
       "    }\n",
       "\n",
       "    .dataframe thead th {\n",
       "        text-align: right;\n",
       "    }\n",
       "</style>\n",
       "<table border=\"1\" class=\"dataframe\">\n",
       "  <thead>\n",
       "    <tr style=\"text-align: right;\">\n",
       "      <th></th>\n",
       "      <th>CRIM</th>\n",
       "      <th>ZN</th>\n",
       "      <th>INDUS</th>\n",
       "      <th>NOX</th>\n",
       "      <th>RM</th>\n",
       "      <th>AGE</th>\n",
       "      <th>DIS</th>\n",
       "      <th>RAD</th>\n",
       "      <th>TAX</th>\n",
       "      <th>PRATIO</th>\n",
       "      <th>LSTAT</th>\n",
       "      <th>MEDV</th>\n",
       "    </tr>\n",
       "  </thead>\n",
       "  <tbody>\n",
       "    <tr>\n",
       "      <th>CRIM</th>\n",
       "      <td>1.000000</td>\n",
       "      <td>-0.200469</td>\n",
       "      <td>0.406583</td>\n",
       "      <td>0.420972</td>\n",
       "      <td>-0.219247</td>\n",
       "      <td>0.352734</td>\n",
       "      <td>-0.379670</td>\n",
       "      <td>0.625505</td>\n",
       "      <td>0.582764</td>\n",
       "      <td>0.289946</td>\n",
       "      <td>0.455621</td>\n",
       "      <td>-0.388305</td>\n",
       "    </tr>\n",
       "    <tr>\n",
       "      <th>ZN</th>\n",
       "      <td>-0.200469</td>\n",
       "      <td>1.000000</td>\n",
       "      <td>-0.533828</td>\n",
       "      <td>-0.516604</td>\n",
       "      <td>0.311991</td>\n",
       "      <td>-0.569537</td>\n",
       "      <td>0.664408</td>\n",
       "      <td>-0.311948</td>\n",
       "      <td>-0.314563</td>\n",
       "      <td>-0.391679</td>\n",
       "      <td>-0.412995</td>\n",
       "      <td>0.360445</td>\n",
       "    </tr>\n",
       "    <tr>\n",
       "      <th>INDUS</th>\n",
       "      <td>0.406583</td>\n",
       "      <td>-0.533828</td>\n",
       "      <td>1.000000</td>\n",
       "      <td>0.763651</td>\n",
       "      <td>-0.391676</td>\n",
       "      <td>0.644779</td>\n",
       "      <td>-0.708027</td>\n",
       "      <td>0.595129</td>\n",
       "      <td>0.720760</td>\n",
       "      <td>0.383248</td>\n",
       "      <td>0.603800</td>\n",
       "      <td>-0.483725</td>\n",
       "    </tr>\n",
       "    <tr>\n",
       "      <th>NOX</th>\n",
       "      <td>0.420972</td>\n",
       "      <td>-0.516604</td>\n",
       "      <td>0.763651</td>\n",
       "      <td>1.000000</td>\n",
       "      <td>-0.302188</td>\n",
       "      <td>0.731470</td>\n",
       "      <td>-0.769230</td>\n",
       "      <td>0.611441</td>\n",
       "      <td>0.668023</td>\n",
       "      <td>0.188933</td>\n",
       "      <td>0.590879</td>\n",
       "      <td>-0.427321</td>\n",
       "    </tr>\n",
       "    <tr>\n",
       "      <th>RM</th>\n",
       "      <td>-0.219247</td>\n",
       "      <td>0.311991</td>\n",
       "      <td>-0.391676</td>\n",
       "      <td>-0.302188</td>\n",
       "      <td>1.000000</td>\n",
       "      <td>-0.240265</td>\n",
       "      <td>0.205246</td>\n",
       "      <td>-0.209847</td>\n",
       "      <td>-0.292048</td>\n",
       "      <td>-0.355501</td>\n",
       "      <td>-0.613808</td>\n",
       "      <td>0.695360</td>\n",
       "    </tr>\n",
       "    <tr>\n",
       "      <th>AGE</th>\n",
       "      <td>0.352734</td>\n",
       "      <td>-0.569537</td>\n",
       "      <td>0.644779</td>\n",
       "      <td>0.731470</td>\n",
       "      <td>-0.240265</td>\n",
       "      <td>1.000000</td>\n",
       "      <td>-0.747881</td>\n",
       "      <td>0.456022</td>\n",
       "      <td>0.506456</td>\n",
       "      <td>0.261515</td>\n",
       "      <td>0.602339</td>\n",
       "      <td>-0.376955</td>\n",
       "    </tr>\n",
       "    <tr>\n",
       "      <th>DIS</th>\n",
       "      <td>-0.379670</td>\n",
       "      <td>0.664408</td>\n",
       "      <td>-0.708027</td>\n",
       "      <td>-0.769230</td>\n",
       "      <td>0.205246</td>\n",
       "      <td>-0.747881</td>\n",
       "      <td>1.000000</td>\n",
       "      <td>-0.494588</td>\n",
       "      <td>-0.534432</td>\n",
       "      <td>-0.232471</td>\n",
       "      <td>-0.496996</td>\n",
       "      <td>0.249929</td>\n",
       "    </tr>\n",
       "    <tr>\n",
       "      <th>RAD</th>\n",
       "      <td>0.625505</td>\n",
       "      <td>-0.311948</td>\n",
       "      <td>0.595129</td>\n",
       "      <td>0.611441</td>\n",
       "      <td>-0.209847</td>\n",
       "      <td>0.456022</td>\n",
       "      <td>-0.494588</td>\n",
       "      <td>1.000000</td>\n",
       "      <td>0.910228</td>\n",
       "      <td>0.464741</td>\n",
       "      <td>0.488676</td>\n",
       "      <td>-0.381626</td>\n",
       "    </tr>\n",
       "    <tr>\n",
       "      <th>TAX</th>\n",
       "      <td>0.582764</td>\n",
       "      <td>-0.314563</td>\n",
       "      <td>0.720760</td>\n",
       "      <td>0.668023</td>\n",
       "      <td>-0.292048</td>\n",
       "      <td>0.506456</td>\n",
       "      <td>-0.534432</td>\n",
       "      <td>0.910228</td>\n",
       "      <td>1.000000</td>\n",
       "      <td>0.460853</td>\n",
       "      <td>0.543993</td>\n",
       "      <td>-0.468536</td>\n",
       "    </tr>\n",
       "    <tr>\n",
       "      <th>PRATIO</th>\n",
       "      <td>0.289946</td>\n",
       "      <td>-0.391679</td>\n",
       "      <td>0.383248</td>\n",
       "      <td>0.188933</td>\n",
       "      <td>-0.355501</td>\n",
       "      <td>0.261515</td>\n",
       "      <td>-0.232471</td>\n",
       "      <td>0.464741</td>\n",
       "      <td>0.460853</td>\n",
       "      <td>1.000000</td>\n",
       "      <td>0.374044</td>\n",
       "      <td>-0.507787</td>\n",
       "    </tr>\n",
       "    <tr>\n",
       "      <th>LSTAT</th>\n",
       "      <td>0.455621</td>\n",
       "      <td>-0.412995</td>\n",
       "      <td>0.603800</td>\n",
       "      <td>0.590879</td>\n",
       "      <td>-0.613808</td>\n",
       "      <td>0.602339</td>\n",
       "      <td>-0.496996</td>\n",
       "      <td>0.488676</td>\n",
       "      <td>0.543993</td>\n",
       "      <td>0.374044</td>\n",
       "      <td>1.000000</td>\n",
       "      <td>-0.737663</td>\n",
       "    </tr>\n",
       "    <tr>\n",
       "      <th>MEDV</th>\n",
       "      <td>-0.388305</td>\n",
       "      <td>0.360445</td>\n",
       "      <td>-0.483725</td>\n",
       "      <td>-0.427321</td>\n",
       "      <td>0.695360</td>\n",
       "      <td>-0.376955</td>\n",
       "      <td>0.249929</td>\n",
       "      <td>-0.381626</td>\n",
       "      <td>-0.468536</td>\n",
       "      <td>-0.507787</td>\n",
       "      <td>-0.737663</td>\n",
       "      <td>1.000000</td>\n",
       "    </tr>\n",
       "  </tbody>\n",
       "</table>\n",
       "</div>"
      ],
      "text/plain": [
       "            CRIM        ZN     INDUS       NOX        RM       AGE       DIS  \\\n",
       "CRIM    1.000000 -0.200469  0.406583  0.420972 -0.219247  0.352734 -0.379670   \n",
       "ZN     -0.200469  1.000000 -0.533828 -0.516604  0.311991 -0.569537  0.664408   \n",
       "INDUS   0.406583 -0.533828  1.000000  0.763651 -0.391676  0.644779 -0.708027   \n",
       "NOX     0.420972 -0.516604  0.763651  1.000000 -0.302188  0.731470 -0.769230   \n",
       "RM     -0.219247  0.311991 -0.391676 -0.302188  1.000000 -0.240265  0.205246   \n",
       "AGE     0.352734 -0.569537  0.644779  0.731470 -0.240265  1.000000 -0.747881   \n",
       "DIS    -0.379670  0.664408 -0.708027 -0.769230  0.205246 -0.747881  1.000000   \n",
       "RAD     0.625505 -0.311948  0.595129  0.611441 -0.209847  0.456022 -0.494588   \n",
       "TAX     0.582764 -0.314563  0.720760  0.668023 -0.292048  0.506456 -0.534432   \n",
       "PRATIO  0.289946 -0.391679  0.383248  0.188933 -0.355501  0.261515 -0.232471   \n",
       "LSTAT   0.455621 -0.412995  0.603800  0.590879 -0.613808  0.602339 -0.496996   \n",
       "MEDV   -0.388305  0.360445 -0.483725 -0.427321  0.695360 -0.376955  0.249929   \n",
       "\n",
       "             RAD       TAX    PRATIO     LSTAT      MEDV  \n",
       "CRIM    0.625505  0.582764  0.289946  0.455621 -0.388305  \n",
       "ZN     -0.311948 -0.314563 -0.391679 -0.412995  0.360445  \n",
       "INDUS   0.595129  0.720760  0.383248  0.603800 -0.483725  \n",
       "NOX     0.611441  0.668023  0.188933  0.590879 -0.427321  \n",
       "RM     -0.209847 -0.292048 -0.355501 -0.613808  0.695360  \n",
       "AGE     0.456022  0.506456  0.261515  0.602339 -0.376955  \n",
       "DIS    -0.494588 -0.534432 -0.232471 -0.496996  0.249929  \n",
       "RAD     1.000000  0.910228  0.464741  0.488676 -0.381626  \n",
       "TAX     0.910228  1.000000  0.460853  0.543993 -0.468536  \n",
       "PRATIO  0.464741  0.460853  1.000000  0.374044 -0.507787  \n",
       "LSTAT   0.488676  0.543993  0.374044  1.000000 -0.737663  \n",
       "MEDV   -0.381626 -0.468536 -0.507787 -0.737663  1.000000  "
      ]
     },
     "execution_count": 3,
     "metadata": {},
     "output_type": "execute_result"
    }
   ],
   "source": [
    "#define numeric features\n",
    "num_features = np.delete(datHousing.columns.values, np.where(datHousing.columns.values=='RIVER'))\n",
    "\n",
    "#review distribution of numeric features\n",
    "datHousing[num_features].corr()"
   ]
  },
  {
   "cell_type": "markdown",
   "metadata": {},
   "source": [
    "- ***MEDV*** most correlated with ***LSTAT*** (% of lower status population), ***RM*** (average number of rooms per dwelling), and ***PRATIO*** (pupil teacher ratio by town)\n",
    "- Previously thought to remove ***RAD*** (radial highways accessibility index) because it is highly correlated with tax, but not as much with ***MEDV***. See below"
   ]
  },
  {
   "cell_type": "code",
   "execution_count": 4,
   "metadata": {},
   "outputs": [
    {
     "data": {
      "text/html": [
       "<div>\n",
       "<style scoped>\n",
       "    .dataframe tbody tr th:only-of-type {\n",
       "        vertical-align: middle;\n",
       "    }\n",
       "\n",
       "    .dataframe tbody tr th {\n",
       "        vertical-align: top;\n",
       "    }\n",
       "\n",
       "    .dataframe thead th {\n",
       "        text-align: right;\n",
       "    }\n",
       "</style>\n",
       "<table border=\"1\" class=\"dataframe\">\n",
       "  <thead>\n",
       "    <tr style=\"text-align: right;\">\n",
       "      <th></th>\n",
       "      <th>MEDV</th>\n",
       "      <th>TAX</th>\n",
       "      <th>RAD</th>\n",
       "    </tr>\n",
       "  </thead>\n",
       "  <tbody>\n",
       "    <tr>\n",
       "      <th>MEDV</th>\n",
       "      <td>1.000000</td>\n",
       "      <td>-0.468536</td>\n",
       "      <td>-0.381626</td>\n",
       "    </tr>\n",
       "    <tr>\n",
       "      <th>TAX</th>\n",
       "      <td>-0.468536</td>\n",
       "      <td>1.000000</td>\n",
       "      <td>0.910228</td>\n",
       "    </tr>\n",
       "    <tr>\n",
       "      <th>RAD</th>\n",
       "      <td>-0.381626</td>\n",
       "      <td>0.910228</td>\n",
       "      <td>1.000000</td>\n",
       "    </tr>\n",
       "  </tbody>\n",
       "</table>\n",
       "</div>"
      ],
      "text/plain": [
       "          MEDV       TAX       RAD\n",
       "MEDV  1.000000 -0.468536 -0.381626\n",
       "TAX  -0.468536  1.000000  0.910228\n",
       "RAD  -0.381626  0.910228  1.000000"
      ]
     },
     "execution_count": 4,
     "metadata": {},
     "output_type": "execute_result"
    }
   ],
   "source": [
    "datHousing[['MEDV', 'TAX', 'RAD']].corr()"
   ]
  },
  {
   "cell_type": "markdown",
   "metadata": {},
   "source": [
    "With ***RAD*** removed, our correlation levels look like this"
   ]
  },
  {
   "cell_type": "code",
   "execution_count": 5,
   "metadata": {},
   "outputs": [
    {
     "data": {
      "text/html": [
       "<div>\n",
       "<style scoped>\n",
       "    .dataframe tbody tr th:only-of-type {\n",
       "        vertical-align: middle;\n",
       "    }\n",
       "\n",
       "    .dataframe tbody tr th {\n",
       "        vertical-align: top;\n",
       "    }\n",
       "\n",
       "    .dataframe thead th {\n",
       "        text-align: right;\n",
       "    }\n",
       "</style>\n",
       "<table border=\"1\" class=\"dataframe\">\n",
       "  <thead>\n",
       "    <tr style=\"text-align: right;\">\n",
       "      <th></th>\n",
       "      <th>CRIM</th>\n",
       "      <th>ZN</th>\n",
       "      <th>INDUS</th>\n",
       "      <th>NOX</th>\n",
       "      <th>RM</th>\n",
       "      <th>AGE</th>\n",
       "      <th>DIS</th>\n",
       "      <th>TAX</th>\n",
       "      <th>PRATIO</th>\n",
       "      <th>LSTAT</th>\n",
       "      <th>MEDV</th>\n",
       "    </tr>\n",
       "  </thead>\n",
       "  <tbody>\n",
       "    <tr>\n",
       "      <th>CRIM</th>\n",
       "      <td>1.000000</td>\n",
       "      <td>-0.200469</td>\n",
       "      <td>0.406583</td>\n",
       "      <td>0.420972</td>\n",
       "      <td>-0.219247</td>\n",
       "      <td>0.352734</td>\n",
       "      <td>-0.379670</td>\n",
       "      <td>0.582764</td>\n",
       "      <td>0.289946</td>\n",
       "      <td>0.455621</td>\n",
       "      <td>-0.388305</td>\n",
       "    </tr>\n",
       "    <tr>\n",
       "      <th>ZN</th>\n",
       "      <td>-0.200469</td>\n",
       "      <td>1.000000</td>\n",
       "      <td>-0.533828</td>\n",
       "      <td>-0.516604</td>\n",
       "      <td>0.311991</td>\n",
       "      <td>-0.569537</td>\n",
       "      <td>0.664408</td>\n",
       "      <td>-0.314563</td>\n",
       "      <td>-0.391679</td>\n",
       "      <td>-0.412995</td>\n",
       "      <td>0.360445</td>\n",
       "    </tr>\n",
       "    <tr>\n",
       "      <th>INDUS</th>\n",
       "      <td>0.406583</td>\n",
       "      <td>-0.533828</td>\n",
       "      <td>1.000000</td>\n",
       "      <td>0.763651</td>\n",
       "      <td>-0.391676</td>\n",
       "      <td>0.644779</td>\n",
       "      <td>-0.708027</td>\n",
       "      <td>0.720760</td>\n",
       "      <td>0.383248</td>\n",
       "      <td>0.603800</td>\n",
       "      <td>-0.483725</td>\n",
       "    </tr>\n",
       "    <tr>\n",
       "      <th>NOX</th>\n",
       "      <td>0.420972</td>\n",
       "      <td>-0.516604</td>\n",
       "      <td>0.763651</td>\n",
       "      <td>1.000000</td>\n",
       "      <td>-0.302188</td>\n",
       "      <td>0.731470</td>\n",
       "      <td>-0.769230</td>\n",
       "      <td>0.668023</td>\n",
       "      <td>0.188933</td>\n",
       "      <td>0.590879</td>\n",
       "      <td>-0.427321</td>\n",
       "    </tr>\n",
       "    <tr>\n",
       "      <th>RM</th>\n",
       "      <td>-0.219247</td>\n",
       "      <td>0.311991</td>\n",
       "      <td>-0.391676</td>\n",
       "      <td>-0.302188</td>\n",
       "      <td>1.000000</td>\n",
       "      <td>-0.240265</td>\n",
       "      <td>0.205246</td>\n",
       "      <td>-0.292048</td>\n",
       "      <td>-0.355501</td>\n",
       "      <td>-0.613808</td>\n",
       "      <td>0.695360</td>\n",
       "    </tr>\n",
       "    <tr>\n",
       "      <th>AGE</th>\n",
       "      <td>0.352734</td>\n",
       "      <td>-0.569537</td>\n",
       "      <td>0.644779</td>\n",
       "      <td>0.731470</td>\n",
       "      <td>-0.240265</td>\n",
       "      <td>1.000000</td>\n",
       "      <td>-0.747881</td>\n",
       "      <td>0.506456</td>\n",
       "      <td>0.261515</td>\n",
       "      <td>0.602339</td>\n",
       "      <td>-0.376955</td>\n",
       "    </tr>\n",
       "    <tr>\n",
       "      <th>DIS</th>\n",
       "      <td>-0.379670</td>\n",
       "      <td>0.664408</td>\n",
       "      <td>-0.708027</td>\n",
       "      <td>-0.769230</td>\n",
       "      <td>0.205246</td>\n",
       "      <td>-0.747881</td>\n",
       "      <td>1.000000</td>\n",
       "      <td>-0.534432</td>\n",
       "      <td>-0.232471</td>\n",
       "      <td>-0.496996</td>\n",
       "      <td>0.249929</td>\n",
       "    </tr>\n",
       "    <tr>\n",
       "      <th>TAX</th>\n",
       "      <td>0.582764</td>\n",
       "      <td>-0.314563</td>\n",
       "      <td>0.720760</td>\n",
       "      <td>0.668023</td>\n",
       "      <td>-0.292048</td>\n",
       "      <td>0.506456</td>\n",
       "      <td>-0.534432</td>\n",
       "      <td>1.000000</td>\n",
       "      <td>0.460853</td>\n",
       "      <td>0.543993</td>\n",
       "      <td>-0.468536</td>\n",
       "    </tr>\n",
       "    <tr>\n",
       "      <th>PRATIO</th>\n",
       "      <td>0.289946</td>\n",
       "      <td>-0.391679</td>\n",
       "      <td>0.383248</td>\n",
       "      <td>0.188933</td>\n",
       "      <td>-0.355501</td>\n",
       "      <td>0.261515</td>\n",
       "      <td>-0.232471</td>\n",
       "      <td>0.460853</td>\n",
       "      <td>1.000000</td>\n",
       "      <td>0.374044</td>\n",
       "      <td>-0.507787</td>\n",
       "    </tr>\n",
       "    <tr>\n",
       "      <th>LSTAT</th>\n",
       "      <td>0.455621</td>\n",
       "      <td>-0.412995</td>\n",
       "      <td>0.603800</td>\n",
       "      <td>0.590879</td>\n",
       "      <td>-0.613808</td>\n",
       "      <td>0.602339</td>\n",
       "      <td>-0.496996</td>\n",
       "      <td>0.543993</td>\n",
       "      <td>0.374044</td>\n",
       "      <td>1.000000</td>\n",
       "      <td>-0.737663</td>\n",
       "    </tr>\n",
       "    <tr>\n",
       "      <th>MEDV</th>\n",
       "      <td>-0.388305</td>\n",
       "      <td>0.360445</td>\n",
       "      <td>-0.483725</td>\n",
       "      <td>-0.427321</td>\n",
       "      <td>0.695360</td>\n",
       "      <td>-0.376955</td>\n",
       "      <td>0.249929</td>\n",
       "      <td>-0.468536</td>\n",
       "      <td>-0.507787</td>\n",
       "      <td>-0.737663</td>\n",
       "      <td>1.000000</td>\n",
       "    </tr>\n",
       "  </tbody>\n",
       "</table>\n",
       "</div>"
      ],
      "text/plain": [
       "            CRIM        ZN     INDUS       NOX        RM       AGE       DIS  \\\n",
       "CRIM    1.000000 -0.200469  0.406583  0.420972 -0.219247  0.352734 -0.379670   \n",
       "ZN     -0.200469  1.000000 -0.533828 -0.516604  0.311991 -0.569537  0.664408   \n",
       "INDUS   0.406583 -0.533828  1.000000  0.763651 -0.391676  0.644779 -0.708027   \n",
       "NOX     0.420972 -0.516604  0.763651  1.000000 -0.302188  0.731470 -0.769230   \n",
       "RM     -0.219247  0.311991 -0.391676 -0.302188  1.000000 -0.240265  0.205246   \n",
       "AGE     0.352734 -0.569537  0.644779  0.731470 -0.240265  1.000000 -0.747881   \n",
       "DIS    -0.379670  0.664408 -0.708027 -0.769230  0.205246 -0.747881  1.000000   \n",
       "TAX     0.582764 -0.314563  0.720760  0.668023 -0.292048  0.506456 -0.534432   \n",
       "PRATIO  0.289946 -0.391679  0.383248  0.188933 -0.355501  0.261515 -0.232471   \n",
       "LSTAT   0.455621 -0.412995  0.603800  0.590879 -0.613808  0.602339 -0.496996   \n",
       "MEDV   -0.388305  0.360445 -0.483725 -0.427321  0.695360 -0.376955  0.249929   \n",
       "\n",
       "             TAX    PRATIO     LSTAT      MEDV  \n",
       "CRIM    0.582764  0.289946  0.455621 -0.388305  \n",
       "ZN     -0.314563 -0.391679 -0.412995  0.360445  \n",
       "INDUS   0.720760  0.383248  0.603800 -0.483725  \n",
       "NOX     0.668023  0.188933  0.590879 -0.427321  \n",
       "RM     -0.292048 -0.355501 -0.613808  0.695360  \n",
       "AGE     0.506456  0.261515  0.602339 -0.376955  \n",
       "DIS    -0.534432 -0.232471 -0.496996  0.249929  \n",
       "TAX     1.000000  0.460853  0.543993 -0.468536  \n",
       "PRATIO  0.460853  1.000000  0.374044 -0.507787  \n",
       "LSTAT   0.543993  0.374044  1.000000 -0.737663  \n",
       "MEDV   -0.468536 -0.507787 -0.737663  1.000000  "
      ]
     },
     "execution_count": 5,
     "metadata": {},
     "output_type": "execute_result"
    }
   ],
   "source": [
    "(datHousing[np.delete(num_features, np.where(num_features=='RAD'))]).corr()"
   ]
  },
  {
   "cell_type": "code",
   "execution_count": 6,
   "metadata": {},
   "outputs": [
    {
     "data": {
      "text/plain": [
       "<seaborn.axisgrid.PairGrid at 0x7fec196d02b0>"
      ]
     },
     "execution_count": 6,
     "metadata": {},
     "output_type": "execute_result"
    },
    {
     "data": {
